20191231 1600, 20.1
20191231 1700, 20.1
20191231 1800, 20.6
20191231 1900, 21.1
20191231 2000, 21.3
20191231 2100, 20.8
20191231 2200, 20.9
20191231 2300, 20.8
20200101 0000, 21.8
20200101 0100, 20.6
20200101 0200, 20.1
20200101 0300, 19.7
20200101 0400, 19.1
20200101 0500, 19.1
20200101 0600, 19.0
20200101 0700, 19.3
20200101 0800, 19.3
20200101 0900, 19.4
20200101 1000, 19.3
20200101 1100, 18.9
20200101 1200, 18.9
20200101 1300, 19.1
20200101 1400, 19.4
20200101 1500, 19.7
20200101 1600, 19.5
20200101 1700, 20.1
20200101 1800, 20.2
20200101 1900, 20.7
20200101 2000, 20.8
20200101 2100, 20.7
20200101 2200, 20.8
20200101 2300, 21.1
